1005561356022160384
999795589955791744
1025685755057252480
1002500851997567488
1018286057725125632
994989971580336128
1013500316039294720
998924925918140288
1009234168183361408
996170274685608960
1039237543431152256
992999123923047040
1008792113388409088
1003621609676248576
1009202465877441408
993337342750608896
1037772450891479936
1019665281088404352
1007421708745297408
1025983452020684800
1011840153208398464
992372377153942784
1025994995216691712
1005284352839692032
997785960092251392
19113060855841948
1841
1724
1606
2120
3137
7018
7906
4309
4363
6911
3858
3571
2716
2142
2292
1529
1506
2865
1812
1901
1879
1756
2419
2379
1624
2142
1751
2705
