72539497438779904
54220725017132992
68657121779895584
69502029148989424
50801845572825024
52226158966116576
52077120327406560
46278900750275776
57185645530660752
50857335826464392
65777771319735904
59532731956735072
55042250086766672
61511107233774768
51268295956140344
52114904488762168
47264204539976232
50248889942878904
50910250214985536
67867849645763344
46950385324648848
51968103990224496
54497936356672072
57047352800782928
45273871758104032
59629533018308648
48685664207804152
40538896908445696
44353042873668120
42172819784464920
49040419427495824
41226684895153376
42720755350034952
36679643080893080
44807852556511472
33211149980544300
39186307901241304
41634499393589480
33362989614850192
35466750316900244
34622091171908048
36644160644115880
34495011827018212
38261997893457624
49209990741642200
31604296829777100
32042313468247460
31263249450711032
34423615258517592
28510295465609320
26631351221965384
34768444535168724
33232613869586312
28203520214005528
32691337133332664
28323705613217532
27291882045294720
29600543980725140
